336041508
77808494
460967215
313612792
399965929
265222576
505362475
491941418
443463531
508947854
400047161
395672239
461829691
455436606
353540622
391767676
509738670
240399960
443389649
481530485
353682108
365695400
310143109
375506580
339414555
509706784
215211025
361083023
504509738
339835985
471098846
499816319
292878319
511000806
507327353
462840813
432931725
503450833
295736654
497830402
503133112
467455497
467531334
320963351
506936877
165388637
504084359
490337364
480151419
318969336
164006624
341127222
483677565
483398970
312379873
236813860
237016416
393134965
513087473
501610989
444891266
246602948
250889305
479309710
265392144
487262182
499571457
259750179
437461553
284443363
465434184
321281377
494915829
344548188
193824333
489840971
504089538
449532928
198987407
519826031
507837641
450263208
502542516
493849189
421778926
275319485
265626920
345210239
226822373
348011153
263100057
368862977
419260652
416303872
449369200
480317064
341382079
805226
1369452
488413253
448889397
48792362
446355862
353560445
251587500
374429083
456232262
348877376
255501424
367602242
204493174
366925456
328307369
473292612
495084339
468954851
294554521
245404666
477775712
290095302
271907362
331101139
476899768
466508213
319619599
480666264
348380758
496710613
433624389
211583722
514068597
417621288
508337201
163297550
491955830
232612235
494273210
391597293
388265937
240115402
409078467
454017220
434624044
444499702
449796193
478690044
499567026
369530599
475142797
383015819
191040561
502629077
489782767
240777695
337099602
506806848
194063015
197310742
260549537
482781167
385896713
346305815
358671877
234836208
457830336
504517163
340565642
248948064
252285823
238669920
505160314
359581408
413096427
239197568
465415473
250929376
495399668
389313102
276172419
491651269
421176971
319107995
501385157
469989131
399485694
360603101
244895206
468211021
445223543
178235623
479327404
269405640
497536718
428686339
238505633
455215747
231497115
378047630
231486233
472173263
479107981
393500209
378685498
15205429
521123575
475853637
521129191
446091607
220774691
516960629
324802423
478556084
236624424
467622290
285811157
394244352
475399225
419862513
293638836
439331909
466487479
452138573
121659832
456830838
233972686
160355911
213197427
383488761
169333409
453149896
382780938
411338657
448372012
356029150
163625836
494609425
401267895
515397171
411876670
306804290
234473543
368327658
513899536
497938066
120306925
283752164
399424853
339538604
406132359
488188491
249921940
402061720
517903672
494195119
500605598
369202092
169017340
236844575
462531857
519717144
396048420
521016335
8545400
421434566
293090966
444928821
506241527
385217862
414423074
151104848
221054331
477438651
513827111
228267932
338722316
236197238
224667247
435531683
348323334
404872472
485314401
456499250
463882101
518297598
518299016
486828967
281800033
413798058
506547649
474668811
348710953
486796042
516498533
409611913
471347173
360363122
424852660
419188739
318798724
442013971
517377938
303918580
280900309
473682547
348565495
351028206
246420123
294062885
493196660
502435736
425619099
503942766
515244607
331853052
479805550
358129440
515521057
405413676
148388727
403062035
290524641
183605659
419877190
205677351
503973052
479919185
518374292
443705828
511987370
404185072
420711521
467123989
342292599
466210284
350995448
499589063
372116545
336654243
270137752
335945738
158851700
3990328
471071990
422039354
177976261
368308801
225275138
465970261
429857068
438665265
271032674
273793250
278300753
403878898
509405536
408426762
441886871
362735110
518409914
284459695
318177702
457081173
274584981
460734870
324166555
400706617
271855288
487633041
456478831
514910391
438065518
491929438
234633192
379897599
239545498
464418690
448847225
517222969
455768208
481150828
336561515
234411513
422431598
408693106
481294681
461352526
353536913
323244900
508936603
517170212
194906802
251105836
384788347
352148573
426653385
389935557
252708534
460011452
499112152
461971077
484311103
292576663
300548844
461373226
496965165
270543522
484162013
309101553
495530460
413725027
396331409
521684372
331961897
499938244
441317149
423199627
448050168
157467296
326150962
60662121
182370202
375388755
499292810
433866080
373392967
494702083
195642642
60909173
361050598
353680956
514298831
261268897
236065654
473263937
241243421
474914446
248254855
514627693
315456904
449377212
500905669
308077973
451086050
507759273
437756238
480045934
347851227
510783933
520895194
296049691
507614702
478607891
363694049
469423306
514950135
500579878
495598567
378134156
518333369
455596762
390273170
279197637
285857476
309253224
351533094
382234671
440746782
487693022
342391743
186078927
451474372
151191323
356035298
418246878
333678657
467742604
352786514
350972637
331505319
364445273
277773716
448743951
163809027
413923797
232049695
467392347
437832271
456407963
444969828
213488750
331132702
43233904
346909690
211472260
457654373
494701048
519335620
489398749
355878575
308965514
408913320
332006959
372486100
363381488
331472805
44035065
240293402
304455740
393186471
486318452
516925049
289061553
251954837
419889550
341951118
486528374
239251915
482495725
472249210
344886014
459718170
318460347
380772830
443738939
278771145
477227191
488980366
399324066
315415883
372843218
226642380
499430856
262634309
284154651
479392132
483761452
451343367
282266691
372762064
189916275
409389983
371764424
444845833
439117052
388417848
334413678
499927214
509650127
516718697
487046532
442912645
119267168
517486770
336910094
486647063
449621455
353425094
471116352
515126478
522294138
381439464
409173119
249152274
487627917
388254375
193891335
294457611
407432915
7749261
485146279
485714329
476554156
504488689
484633258
509105374
465533749
500242626
513752410
223538361
480675018
484773929
336719997
407561310
234958626
520118469
497307152
269002859
454979855
480778937
379046956
513135804
474931539
470225985
503918857
487984178
226344915
232533640
518057486
349540778
398961294
281271253
508004682
521429893
447931371
194048978
243579319
324321471
230992326
76029337
266083757
223685469
484392888
387489887
249839201
467623769
412724184
