212198981
492104993
395368069
448970726
448380585
201704703
499112152
189241760
375726240
490781062
467914980
498227020
118810880
346305815
454571129
433340962
356029150
353212101
144237627
419807896
487750027
181574032
351936434
337572196
393092344
502905319
438281658
421380528
453135776
298596247
340105716
485344392
323860667
231272685
506978836
333916410
222437757
463664078
259255917
328854239
336041508
335867092
462840813
350233040
295806550
453261092
425677814
224460939
399982336
445835167
315464496
64089649
187798455
448847225
450784148
463372717
526926037
